1 0.494093 0.835537 0.628306 0.0752066 0.282231 
1 0.625036 0.502066 0.581612 0.061157 0.221074 
1 0.649498 0.898347 0.621901 0.0487603 0.246281 
1 0.726615 0.797314 0.613223 0.0450413 0.266116 
1 0.736996 0.0603306 0.617562 0.0380165 0.270661 
1 0.772911 0.421488 0.581612 0.0636364 0.22438 
1 0.7747 0.72376 0.616116 0.042562 0.280165 
1 0.782119 0.871074 0.633471 0.077686 0.277686 
1 0.78287 0.94938 0.616322 0.072314 0.244215 
1 0.813335 0.380165 0.613223 0.0735537 0.293388 
1 0.817942 0.232025 0.613843 0.0466942 0.303719 
1 0.820586 0.66343 0.609917 0.0483471 0.299174 
1 0.837363 0.281612 0.611157 0.0673554 0.266942 
1 0.843338 0.20186 0.613017 0.05 0.294628 
1 0.845527 0.111777 0.57562 0.0466942 0.200826 
1 0.848722 0.307231 0.610124 0.0533058 0.268182 
1 0.851217 0.593388 0.601033 0.0371901 0.258264 
1 0.86234 0.52314 0.598554 0.0702479 0.263223 
1 0.874534 0.560124 0.615702 0.0549587 0.301653 
1 0.8762 0.692769 0.614256 0.042562 0.286364 
1 0.882964 0.165289 0.616116 0.0487603 0.293388 
1 0.883096 0.596488 0.323347 0.0243802 0.151653 
1 0.883936 0.339669 0.607645 0.0528926 0.265702 
1 0.884426 0.459711 0.572107 0.0450413 0.219421 
1 0.885405 0.635331 0.607851 0.0640496 0.271074 
1 0.88697 0.141116 0.604339 0.0541322 0.253306 
1 0.896676 0.765702 0.616116 0.0561983 0.286777 
1 0.905767 0.0272727 0.621901 0.0487603 0.275207 
