1 0.648304 0.920661 0.309091 0.0413223 0.45124 
1 0.763 0.170868 0.320868 0.0731405 0.311983 
1 0.765056 0.353306 0.429545 0.0322314 0.177273 
1 0.771162 0.482438 0.394008 0.0458678 0.237603 
1 0.796906 0.845455 0.258264 0.0421488 0.505785 
1 0.807027 0.258471 0.400826 0.0433884 0.250413 
1 0.813698 0.390289 0.403306 0.0384298 0.226446 
1 0.820374 0.579545 0.359711 0.0475207 0.29876 
1 0.837312 0.88843 0.392769 0.0454545 0.240083 
1 0.840844 0.548554 0.358058 0.0483471 0.309504 
1 0.845121 0.423347 0.373967 0.0367769 0.216529 
1 0.865737 0.460331 0.350207 0.053719 0.284711 
1 0.874857 0.289669 0.397521 0.0347107 0.238843 
1 0.875506 0.324793 0.375413 0.0371901 0.286364 
1 0.87829 0.78843 0.350826 0.0421488 0.323141 
1 0.879605 0.694215 0.411157 0.0322314 0.166116 
1 0.880204 0.228926 0.38781 0.053719 0.288843 
1 0.884661 0.51157 0.391116 0.038843 0.251653 
1 0.895732 0.122521 0.409917 0.0417355 0.138017 
1 0.903377 0.60062 0.416322 0.0342975 0.218595 
1 0.914443 0.0487603 0.396488 0.0347107 0.131818 
1 0.918976 0.0231405 0.380579 0.0438017 0.163636 
1 0.920311 0.661983 0.416322 0.0347107 0.178926 
1 0.924064 0.634504 0.375826 0.0359504 0.278926 
1 0.929087 0.756405 0.415496 0.0400826 0.173967 
1 0.933559 0.195041 0.384091 0.0454545 0.197107 
