1 0.831866 0.726446 0.655578 0.0322314 0.21281 
1 0.838136 0.758058 0.639463 0.05 0.252479 
1 0.838668 0.547521 0.679132 0.0454545 0.153306 
1 0.847215 0.267975 0.698141 0.0318182 0.132645 
1 0.869851 0.512397 0.678512 0.0355372 0.17438 
1 0.87024 0.397314 0.660331 0.0276859 0.200826 
1 0.872336 0.800207 0.659917 0.0409091 0.2 
1 0.888594 0.84938 0.647934 0.0276859 0.234711 
1 0.889667 0.18905 0.69938 0.0367769 0.135124 
1 0.889689 0.429339 0.665909 0.038843 0.188017 
1 0.893028 0.893182 0.688223 0.0227273 0.150826 
1 0.905753 0.357438 0.665702 0.0256198 0.202479 
1 0.907493 0.93595 0.68905 0.0239669 0.154132 
1 0.908877 0.976653 0.676859 0.0243802 0.171901 
1 0.91327 0.690496 0.658678 0.0289256 0.195041 
1 0.923856 0.152273 0.698141 0.0318182 0.137603 
1 0.93251 0.228306 0.700207 0.0334711 0.126033 
1 0.932605 0.113636 0.696901 0.0272727 0.13843 
1 0.935911 0.0708678 0.690083 0.0359504 0.152066 
1 0.947774 0.0338843 0.690702 0.0347107 0.151653 
