1 0.407876 0.379545 0.607645 0.0376033 0.283058 
1 0.487754 0.101033 0.0853306 0.0318182 0.152479 
1 0.569642 0.875826 0.607851 0.0417355 0.314876 
1 0.730414 0.420041 0.614669 0.0607438 0.294628 
1 0.753237 0.738636 0.61157 0.057438 0.290083 
1 0.769414 0.855372 0.606198 0.0380165 0.295041 
1 0.777717 0.241322 0.298347 0.0322314 0.221488 
1 0.79145 0.299587 0.607645 0.046281 0.268182 
1 0.795834 0.512603 0.623141 0.064876 0.290909 
1 0.799057 0.979339 0.610744 0.0347107 0.296694 
1 0.812277 0.486777 0.618595 0.0578512 0.278512 
1 0.816852 0.92376 0.609711 0.0508264 0.28719 
1 0.825623 0.796694 0.605165 0.0446281 0.271488 
1 0.828685 0.354752 0.607645 0.0417355 0.271488 
1 0.832608 0.616529 0.603306 0.0561983 0.263636 
1 0.836227 0.270868 0.602893 0.0466942 0.276859 
1 0.840284 0.327893 0.607438 0.0450413 0.271901 
1 0.847504 0.578306 0.598967 0.0384298 0.264876 
1 0.849746 0.712603 0.611157 0.0599174 0.294215 
1 0.853944 0.24938 0.570868 0.0433884 0.19876 
1 0.854778 0.453926 0.61405 0.057438 0.279339 
1 0.861801 0.315496 0.320868 0.0326446 0.178099 
1 0.864469 0.221074 0.217149 0.038843 0.263223 
1 0.864866 0.543388 0.62376 0.0628099 0.294628 
1 0.866892 0.823141 0.609917 0.0446281 0.276859 
1 0.872093 0.951446 0.61405 0.0450413 0.307438 
1 0.88032 0.930785 0.338223 0.0161157 0.125207 
1 0.881886 0.767562 0.609917 0.0483471 0.284298 
1 0.882896 0.859711 0.301653 0.0177686 0.144628 
1 0.884378 0.597314 0.26343 0.0433884 0.28719 
1 0.886461 0.635744 0.642975 0.0400826 0.203306 
1 0.886573 0.908058 0.268388 0.0268595 0.272314 
1 0.889984 0.714876 0.136364 0.0289256 0.239669 
1 0.891609 0.621281 0.294421 0.0309917 0.213636 
1 0.8976 0.779752 0.304545 0.0173554 0.144628 
1 0.898196 0.572521 0.265496 0.0458678 0.262397 
1 0.898786 0.896694 0.608884 0.053719 0.278099 
1 0.903632 0.679545 0.61343 0.0615702 0.292975 
1 0.907145 0.301859 0.0995868 0.0367769 0.181818 
1 0.908299 0.446901 0.333884 0.0293388 0.146281 
1 0.908826 0.726446 0.321901 0.0272727 0.172727 
1 0.909088 0.883678 0.307025 0.0235537 0.175207 
1 0.910813 0.652893 0.273554 0.0289256 0.207438 
1 0.914208 0.285537 0.334091 0.0247934 0.142562 
1 0.914604 0.369008 0.314463 0.0355372 0.182645 
1 0.915567 0.395455 0.304959 0.0338843 0.195868 
1 0.916411 0.474793 0.323554 0.0289256 0.157851 
1 0.918173 0.753099 0.307025 0.0202479 0.139669 
1 0.918551 0.502066 0.334917 0.0280992 0.142562 
1 0.918985 0.42314 0.306198 0.0322314 0.200826 
1 0.923678 0.341116 0.321488 0.0334711 0.172727 
1 0.925726 0.113017 0.320661 0.0243802 0.142149 
1 0.931983 0.266529 0.299587 0.031405 0.228926 
