1 0.566845 0.458884 0.669215 0.0276859 0.151653 
1 0.601803 0.301859 0.610744 0.0657025 0.279339 
1 0.647015 0.716116 0.105579 0.0330578 0.181405 
1 0.719563 0.954959 0.68843 0.031405 0.124793 
1 0.748225 0.796074 0.33843 0.0268595 0.133884 
1 0.756449 0.224174 0.61157 0.0409091 0.281818 
1 0.765813 0.116736 0.274793 0.0309917 0.256198 
1 0.779296 0.905992 0.593182 0.0491736 0.255785 
1 0.782439 0.203719 0.265702 0.0280992 0.201653 
1 0.784308 0.838223 0.258678 0.0194215 0.11405 
1 0.790938 0.50062 0.652273 0.0458678 0.229339 
1 0.805763 0.704132 0.70186 0.0264463 0.12438 
1 0.806603 0.0954545 0.615289 0.0322314 0.276033 
1 0.813382 0.0626033 0.610537 0.0309917 0.279752 
1 0.816305 0.853099 0.689876 0.0326446 0.128512 
1 0.817926 0.930785 0.607025 0.0458678 0.282645 
1 0.819095 0.163636 0.620248 0.0487603 0.283471 
1 0.819546 0.370455 0.263843 0.0400826 0.277273 
1 0.820712 0.0144628 0.271488 0.0256198 0.264463 
1 0.828538 0.980992 0.705579 0.022314 0.122727 
1 0.833901 0.148967 0.247314 0.0367769 0.292149 
1 0.838315 0.258264 0.606612 0.0355372 0.278512 
1 0.847627 0.328926 0.614876 0.061157 0.289256 
1 0.859968 0.42438 0.297521 0.0347107 0.204132 
1 0.861252 0.631198 0.269215 0.0293388 0.15 
1 0.863218 0.581198 0.193802 0.0483471 0.266942 
1 0.865308 0.396488 0.291322 0.0342975 0.194215 
1 0.869144 0.359298 0.609298 0.0417355 0.27314 
1 0.87337 0.43719 0.603099 0.0578512 0.262397 
1 0.873543 0.349793 0.229959 0.0533058 0.311157 
1 0.877272 0.192562 0.620455 0.0545455 0.289669 
1 0.878741 0.743388 0.707438 0.0322314 0.129752 
1 0.879515 0.649793 0.617149 0.0466942 0.269008 
1 0.881923 0.0340909 0.308678 0.0252066 0.194215 
1 0.882836 0.284711 0.278512 0.0355372 0.253719 
1 0.882855 0.172107 0.285744 0.0326446 0.244215 
1 0.883983 0.615083 0.617769 0.0483471 0.276033 
1 0.885462 0.771694 0.552893 0.0318182 0.171901 
1 0.885573 0.0863636 0.32562 0.0239669 0.153719 
1 0.885674 0.0663223 0.26281 0.0359504 0.300826 
1 0.891463 0.911777 0.309091 0.0318182 0.197521 
1 0.892942 0.122934 0.623141 0.0252066 0.265289 
1 0.894738 0.606612 0.240496 0.0355372 0.213223 
1 0.895099 0.0326446 0.609917 0.046281 0.285124 
1 0.900164 0.546901 0.615702 0.0640496 0.286777 
1 0.902276 0.255992 0.282231 0.035124 0.235537 
1 0.902422 0.403099 0.605785 0.0640496 0.26281 
1 0.904411 0.938636 0.307851 0.0318182 0.194215 
1 0.906172 0.863017 0.269008 0.0243802 0.156198 
1 0.907193 0.822107 0.671488 0.0392562 0.183471 
1 0.908682 0.770868 0.316116 0.0326446 0.18595 
1 0.909004 0.886157 0.305579 0.0326446 0.20124 
1 0.910139 0.452686 0.307851 0.0309917 0.18595 
1 0.912207 0.792769 0.591942 0.0367769 0.242562 
1 0.913859 0.754339 0.246074 0.0309917 0.160744 
1 0.922472 0.584298 0.604339 0.0553719 0.26405 
1 0.928428 0.230785 0.281612 0.035124 0.232645 
1 0.934904 0.678719 0.641529 0.0326446 0.18719 
