1 0.664574 0.410124 0.702479 0.0326446 0.131405 
1 0.720922 0.370455 0.690702 0.0318182 0.135124 
1 0.797328 0.669008 0.664463 0.0371901 0.198347 
1 0.826318 0.780372 0.672934 0.0475207 0.17562 
1 0.844565 0.903512 0.67562 0.0491736 0.16281 
1 0.85697 0.834504 0.688636 0.0276859 0.146694 
1 0.86174 0.557025 0.686983 0.031405 0.151653 
1 0.883207 0.741736 0.669008 0.0561983 0.17438 
1 0.88498 0.519835 0.680372 0.0280992 0.174793 
1 0.889507 0.478512 0.685744 0.0371901 0.16157 
1 0.894924 0.703306 0.66095 0.0495868 0.200413 
1 0.897831 0.257645 0.677273 0.0252066 0.12562 
1 0.897847 0.956612 0.692355 0.0256198 0.150826 
1 0.90039 0.869215 0.667769 0.0384298 0.18595 
1 0.903274 0.331198 0.684298 0.0309917 0.160331 
1 0.907444 0.590702 0.686777 0.0367769 0.156198 
1 0.920282 0.296281 0.673967 0.0280992 0.138843 
1 0.932639 0.625 0.678306 0.0475207 0.164876 
