1 0.473247 0.32686 0.393802 0.0495868 0.171074 
1 0.490193 0.17376 0.244835 0.0549587 0.33595 
1 0.533372 0.0652893 0.314463 0.0785124 0.419008 
1 0.588579 0.692562 0.356612 0.0338843 0.352066 
1 0.690039 0.342149 0.382438 0.0371901 0.269835 
1 0.704217 0.0946281 0.302893 0.0710744 0.424793 
1 0.731307 0.614876 0.356198 0.0495868 0.34876 
1 0.731442 0.644628 0.28719 0.0495868 0.46281 
1 0.740986 0.738223 0.394421 0.0309917 0.223554 
1 0.804107 0.133471 0.275413 0.0719008 0.397934 
1 0.807696 0.852273 0.396281 0.0252066 0.138843 
1 0.808095 0.497107 0.260124 0.0595041 0.490496 
1 0.808467 0.265909 0.26095 0.0615702 0.406198 
1 0.815189 0.795455 0.403099 0.0396694 0.23595 
1 0.816703 0.194008 0.244215 0.0541322 0.356198 
1 0.860432 0.458678 0.368595 0.0495868 0.27438 
1 0.863585 0.823347 0.404752 0.0268595 0.21281 
1 0.864598 0.310537 0.398347 0.0227273 0.171074 
1 0.866733 0.367769 0.380372 0.0338843 0.282231 
1 0.866746 0.552686 0.38595 0.0293388 0.226446 
1 0.870065 0.230579 0.288017 0.0446281 0.264463 
1 0.876619 0.880992 0.398967 0.031405 0.211157 
1 0.902842 0.916322 0.408264 0.0285124 0.204132 
1 0.904788 0.765083 0.39876 0.0409091 0.25124 
1 0.916683 0.979339 0.382438 0.0363636 0.182231 
1 0.917552 0.944421 0.409711 0.0285124 0.152479 
