1 0.574682 0.653926 0.557851 0.0326446 0.181818 
1 0.701459 0.423967 0.59876 0.0338843 0.269421 
1 0.722968 0.560744 0.616529 0.0603306 0.286777 
1 0.727128 0.471901 0.206198 0.0471074 0.306612 
1 0.749751 0.622934 0.608678 0.0384298 0.290083 
1 0.779819 0.203719 0.614876 0.0644628 0.279339 
1 0.782369 0.0219008 0.595661 0.0347107 0.264876 
1 0.796518 0.772727 0.614256 0.068595 0.321901 
1 0.79692 0.329132 0.625207 0.0475207 0.242149 
1 0.802733 0.678306 0.573141 0.0400826 0.190909 
1 0.803279 0.101033 0.602066 0.0491736 0.27438 
1 0.805762 0.165909 0.615083 0.0665289 0.299587 
1 0.81026 0.589669 0.610124 0.0487603 0.297107 
1 0.834755 0.398967 0.585124 0.0301653 0.221488 
1 0.838331 0.745455 0.610331 0.0743802 0.291736 
1 0.8397 0.980372 0.633884 0.0342975 0.26281 
1 0.842531 0.7 0.592769 0.038843 0.243388 
1 0.847093 0.068595 0.606612 0.031405 0.147107 
1 0.850855 0.497107 0.611157 0.0479339 0.276859 
1 0.853781 0.467149 0.605992 0.0557851 0.282231 
1 0.861787 0.300207 0.608471 0.0466942 0.274793 
1 0.864488 0.907645 0.559504 0.0260331 0.147107 
1 0.877315 0.522934 0.61157 0.0458678 0.290909 
1 0.883369 0.267975 0.614256 0.0557851 0.288017 
1 0.888912 0.0491736 0.566736 0.0272727 0.186364 
1 0.892739 0.235331 0.618595 0.0640496 0.275207 
1 0.898179 0.727273 0.28657 0.0338843 0.184711 
1 0.89867 0.700826 0.272934 0.0338843 0.167355 
1 0.899263 0.807438 0.620248 0.0628099 0.314876 
1 0.905195 0.840083 0.623141 0.0636364 0.304959 
1 0.907071 0.431405 0.319215 0.031405 0.185537 
1 0.907103 0.488017 0.303926 0.0297521 0.214463 
