3 0.550369 0.96405 0.620661 0.0586777 0.222314 
3 0.668302 0.934091 0.616736 0.0533058 0.246694 
3 0.828136 0.724174 0.618802 0.042562 0.299587 
3 0.829546 0.501653 0.577479 0.0628099 0.227686 
3 0.833396 0.423967 0.579752 0.0595041 0.230579 
3 0.836215 0.839669 0.621901 0.0719008 0.300826 
3 0.847517 0.864463 0.631818 0.0661157 0.296694 
3 0.851285 0.168182 0.611983 0.0561983 0.294215 
3 0.863789 0.459298 0.57376 0.0466942 0.226033 
3 0.864697 0.796074 0.613843 0.0508264 0.269835 
3 0.873631 0.895661 0.629339 0.0566116 0.276859 
3 0.8743 0.594215 0.597314 0.0429752 0.262397 
3 0.88162 0.134917 0.602273 0.0590909 0.265702 
3 0.892312 0.201033 0.613843 0.0483471 0.300413 
3 0.895975 0.0597107 0.615702 0.0392562 0.272727 
3 0.900158 0.232025 0.611983 0.0450413 0.291736 
3 0.901171 0.385331 0.606818 0.0747934 0.296281 
3 0.901887 0.560331 0.612397 0.0586777 0.296694 
3 0.901888 0.277686 0.601033 0.0636364 0.268182 
3 0.90321 0.528306 0.609504 0.0706612 0.293388 
3 0.904176 0.632438 0.605992 0.0607438 0.273967 
3 0.908114 0.66405 0.611983 0.0512397 0.278512 
3 0.909317 0.0256198 0.618802 0.0446281 0.291322 
3 0.912218 0.342149 0.603512 0.053719 0.27314 
3 0.912777 0.115083 0.571901 0.0475207 0.195868 
3 0.919259 0.597934 0.32438 0.0231405 0.150413 
3 0.921991 0.692355 0.615289 0.0433884 0.28843 
3 0.936313 0.307645 0.607231 0.0590909 0.282231 
3 0.941715 0.766116 0.61219 0.0561983 0.288017 
