3 0.774412 0.740496 0.397727 0.0347107 0.246694 
3 0.784155 0.103306 0.293802 0.0809917 0.458678 
3 0.815303 0.795868 0.399793 0.0429752 0.235124 
3 0.816364 0.136364 0.279132 0.0628099 0.378099 
3 0.820892 0.670041 0.303099 0.0376033 0.46157 
3 0.825398 0.174174 0.25124 0.0541322 0.365289 
3 0.830686 0.691116 0.354132 0.0293388 0.353719 
3 0.834479 0.199587 0.244835 0.0520661 0.33843 
3 0.836763 0.0719008 0.320041 0.085124 0.449174 
3 0.841211 0.646074 0.291736 0.0433884 0.504132 
3 0.857817 0.366942 0.378719 0.0446281 0.282231 
3 0.860969 0.265083 0.275413 0.0557851 0.407851 
3 0.864627 0.496488 0.265289 0.0524793 0.469421 
3 0.869316 0.230785 0.288843 0.0466942 0.271901 
3 0.872456 0.824793 0.399174 0.0280992 0.219835 
3 0.87603 0.852479 0.397727 0.0264463 0.149174 
3 0.876092 0.459091 0.369421 0.053719 0.266116 
3 0.879547 0.879752 0.4 0.0297521 0.214876 
3 0.883107 0.342149 0.374793 0.0421488 0.290909 
3 0.896357 0.309711 0.396074 0.0227273 0.181405 
3 0.898516 0.763843 0.402686 0.0483471 0.271488 
3 0.898569 0.916116 0.409711 0.0297521 0.186364 
3 0.900662 0.552273 0.382438 0.0301653 0.251653 
3 0.902392 0.615496 0.343182 0.0549587 0.351653 
3 0.922919 0.978099 0.383058 0.0363636 0.194215 
3 0.929697 0.943595 0.409711 0.0276859 0.151653 
