3 0.648218 0.0231405 0.608471 0.0363636 0.30124 
3 0.771149 0.978306 0.636364 0.0342975 0.256198 
3 0.797462 0.329132 0.630579 0.0516529 0.240496 
3 0.803169 0.7 0.591942 0.0396694 0.252479 
3 0.838141 0.206405 0.613636 0.0714876 0.308264 
3 0.846447 0.399587 0.583471 0.0338843 0.244628 
3 0.857564 0.298347 0.602479 0.0545455 0.276033 
3 0.858393 0.77562 0.611777 0.0677686 0.286364 
3 0.862529 0.23719 0.613017 0.0694215 0.297107 
3 0.87145 0.49814 0.607025 0.0607438 0.285124 
3 0.878574 0.591116 0.613843 0.0483471 0.292975 
3 0.885084 0.359711 0.621281 0.0549587 0.289669 
3 0.886911 0.265289 0.610331 0.0644628 0.290083 
3 0.888411 0.914463 0.610537 0.0652893 0.262397 
3 0.894953 0.170041 0.619008 0.0747934 0.321488 
3 0.895349 0.870868 0.620455 0.0483471 0.278926 
3 0.896687 0.469008 0.603719 0.0586777 0.278512 
3 0.897286 0.666942 0.603719 0.0619835 0.280165 
3 0.898968 0.947107 0.622934 0.0586777 0.262397 
3 0.899582 0.564463 0.61343 0.0520661 0.297934 
3 0.90147 0.141116 0.605785 0.0772727 0.293388 
3 0.907336 0.808884 0.617562 0.0665289 0.307851 
3 0.911585 0.746281 0.604545 0.068595 0.284298 
3 0.912465 0.839463 0.621074 0.0599174 0.294215 
3 0.921621 0.48719 0.29876 0.0355372 0.220661 
3 0.92253 0.725413 0.288017 0.0367769 0.186777 
3 0.923183 0.933884 0.271901 0.0239669 0.138017 
3 0.924198 0.429752 0.317975 0.031405 0.174793 
3 0.924338 0.407645 0.270868 0.0235537 0.169008 
3 0.926085 0.635124 0.295661 0.038843 0.222727 
3 0.927134 0.699793 0.271488 0.0309917 0.167769 
3 0.927742 0.899587 0.317355 0.0231405 0.12562 
3 0.937318 0.473554 0.191736 0.0338843 0.281818 
