3 0.414784 0.525413 0.317975 0.0615702 0.391322 
3 0.617319 0.51343 0.37624 0.0483471 0.259917 
3 0.688982 0.464256 0.313223 0.0731405 0.390909 
3 0.689148 0.981612 0.420455 0.0367769 0.171488 
3 0.695748 0.497314 0.344628 0.0731405 0.349587 
3 0.724394 0.291942 0.313223 0.0739669 0.420661 
3 0.778193 0.118182 0.411777 0.0322314 0.136777 
3 0.783518 0.0855372 0.396281 0.038843 0.128926 
3 0.795621 0.789256 0.351033 0.0371901 0.297934 
3 0.80126 0.170661 0.300413 0.0801653 0.346281 
3 0.845122 0.387603 0.403099 0.0396694 0.216942 
3 0.858294 0.32376 0.376446 0.0417355 0.3 
3 0.870274 0.354339 0.395661 0.0400826 0.235124 
3 0.874942 0.42314 0.380785 0.0446281 0.22686 
3 0.877657 0.226653 0.383058 0.0607438 0.301653 
3 0.878483 0.0233471 0.383884 0.0417355 0.166942 
3 0.878546 0.193802 0.381405 0.046281 0.193388 
3 0.878765 0.550207 0.360124 0.05 0.316942 
3 0.891928 0.579959 0.359298 0.0508264 0.304545 
3 0.899305 0.599793 0.41281 0.0367769 0.216529 
3 0.90041 0.95062 0.419628 0.0359504 0.220248 
3 0.90177 0.822521 0.430165 0.0384298 0.152066 
3 0.902681 0.0493802 0.397314 0.0384298 0.126033 
3 0.909514 0.635124 0.371694 0.038843 0.282231 
3 0.92067 0.693595 0.408678 0.0342975 0.172727 
3 0.928545 0.66157 0.414669 0.0338843 0.194628 
3 0.935734 0.755579 0.419215 0.042562 0.17562 
