2 0.752951 0.728099 0.656405 0.031405 0.192149 
0 0.763459 0.893595 0.687397 0.0202479 0.152479 
3 0.86291 0.936364 0.688223 0.0239669 0.150826 
2 0.868272 0.760124 0.66095 0.042562 0.197934 
2 0.891512 0.267975 0.697521 0.0318182 0.136364 
3 0.891682 0.977893 0.67314 0.0252066 0.169421 
2 0.896898 0.429132 0.66405 0.042562 0.191736 
2 0.901237 0.152893 0.696074 0.0272727 0.146694 
2 0.925129 0.11405 0.691322 0.0272727 0.142975 
0 0.926621 0.395248 0.664669 0.0202479 0.188843 
2 0.927199 0.229959 0.701033 0.0326446 0.126033 
2 0.928349 0.802893 0.663843 0.0404959 0.210331 
2 0.948348 0.189463 0.701033 0.0376033 0.136777 
2 0.957946 0.0710744 0.688843 0.0338843 0.157025 
2 0.967614 0.0328512 0.689876 0.035124 0.155785 
