3 0.580036 0.204752 0.256612 0.0318182 0.202479 
3 0.58478 0.0229339 0.291322 0.0334711 0.247934 
3 0.623392 0.983058 0.698347 0.0231405 0.122314 
3 0.744979 0.265289 0.597934 0.0504132 0.271901 
3 0.783853 0.360537 0.606198 0.0400826 0.294215 
3 0.791491 0.145661 0.258678 0.0359504 0.307438 
3 0.812897 0.0328512 0.306818 0.0268595 0.195455 
3 0.823338 0.881405 0.546694 0.0355372 0.157851 
3 0.832959 0.86219 0.270041 0.0227273 0.155785 
3 0.836801 0.613223 0.608678 0.0545455 0.280165 
3 0.855566 0.22376 0.61157 0.0400826 0.287603 
3 0.864623 0.930579 0.61281 0.0429752 0.293388 
3 0.866294 0.714256 0.10062 0.0301653 0.169835 
3 0.86993 0.435537 0.602686 0.0528926 0.26405 
3 0.873216 0.607645 0.240702 0.0384298 0.214463 
3 0.873998 0.0933884 0.618182 0.0322314 0.285124 
3 0.876136 0.298967 0.602479 0.0582645 0.264463 
3 0.878957 0.793388 0.592149 0.0371901 0.256198 
3 0.880326 0.121281 0.627686 0.0276859 0.273554 
3 0.881658 0.067562 0.231612 0.0417355 0.358264 
3 0.881692 0.351446 0.217355 0.0475207 0.302479 
3 0.884649 0.0623967 0.607231 0.0330578 0.288843 
3 0.889575 0.327479 0.606198 0.0533058 0.281818 
3 0.898792 0.96095 0.336364 0.0219008 0.128099 
3 0.900908 0.501859 0.65186 0.0491736 0.22686 
3 0.901334 0.171281 0.265909 0.035124 0.288843 
3 0.905296 0.633678 0.267355 0.0318182 0.147934 
3 0.905572 0.452066 0.304339 0.0355372 0.191322 
3 0.905626 0.822934 0.671694 0.042562 0.192149 
3 0.907784 0.647314 0.61343 0.05 0.282231 
3 0.9085 0.546074 0.61219 0.072314 0.308678 
3 0.908533 0.397727 0.291116 0.0342975 0.202066 
3 0.914065 0.796901 0.33781 0.0260331 0.136777 
3 0.916459 0.37314 0.267975 0.0404959 0.267355 
3 0.917377 0.579752 0.600207 0.0570248 0.272314 
3 0.917431 0.123347 0.226653 0.0475207 0.372314 
3 0.918666 0.883678 0.303719 0.0326446 0.203306 
3 0.91899 0.191116 0.617355 0.0475207 0.296694 
3 0.920842 0.753719 0.613017 0.0570248 0.299587 
3 0.92111 0.910537 0.305372 0.0309917 0.199174 
3 0.921903 0.46095 0.666736 0.0293388 0.151653 
3 0.925191 0.938017 0.305165 0.031405 0.197107 
3 0.926701 0.0328512 0.613843 0.0433884 0.282231 
3 0.927809 0.902273 0.592769 0.0433884 0.257438 
3 0.927894 0.162397 0.608884 0.0561983 0.296281 
3 0.928298 0.584711 0.194215 0.0446281 0.272727 
3 0.930509 0.424174 0.297727 0.0384298 0.207851 
3 0.93365 0.282645 0.279132 0.0413223 0.252479 
3 0.935698 0.254545 0.280785 0.0404959 0.252479 
3 0.937913 0.770661 0.31343 0.0347107 0.17314 
3 0.94009 0.227066 0.279545 0.0409091 0.251653 
3 0.940267 0.405992 0.597107 0.0623967 0.267769 
3 0.942321 0.754545 0.244215 0.0330578 0.168595 
3 0.954636 0.680165 0.641942 0.0396694 0.19876 
