3 0.741642 0.979959 0.611983 0.0359504 0.294215 
3 0.806142 0.578719 0.592562 0.0367769 0.263636 
3 0.818446 0.515289 0.617975 0.0628099 0.279752 
3 0.829085 0.355165 0.602273 0.0466942 0.27562 
3 0.830477 0.221488 0.219835 0.0413223 0.280992 
3 0.832716 0.853719 0.603306 0.0404959 0.280992 
3 0.840928 0.859711 0.304959 0.0194215 0.135537 
3 0.84123 0.327273 0.604545 0.0487603 0.280992 
3 0.845859 0.623554 0.596488 0.0661157 0.273967 
3 0.846567 0.738636 0.607025 0.0566116 0.302479 
3 0.846757 0.635331 0.645041 0.042562 0.193388 
3 0.851223 0.301653 0.601653 0.0495868 0.287603 
3 0.851331 0.453719 0.608678 0.0619835 0.304959 
3 0.859292 0.240909 0.29938 0.031405 0.218595 
3 0.866144 0.271901 0.602273 0.0495868 0.280579 
3 0.869852 0.795041 0.603719 0.0487603 0.281818 
3 0.876741 0.487397 0.608678 0.0615702 0.301653 
3 0.879126 0.445455 0.335744 0.0280992 0.141736 
3 0.883898 0.779752 0.305372 0.0173554 0.14876 
3 0.885247 0.764463 0.605165 0.0520661 0.285537 
3 0.885799 0.302479 0.0993802 0.038843 0.192975 
3 0.890194 0.753719 0.306198 0.0206612 0.146281 
3 0.891052 0.247934 0.569215 0.0421488 0.216942 
3 0.89204 0.422934 0.603306 0.0673554 0.278512 
3 0.893122 0.474174 0.325 0.0285124 0.168182 
3 0.894019 0.823967 0.607025 0.0471074 0.28843 
3 0.894292 0.545661 0.617562 0.0524793 0.293802 
3 0.895965 0.709917 0.608678 0.0586777 0.31405 
3 0.896179 0.921901 0.609091 0.0561983 0.289256 
3 0.898735 0.895868 0.604339 0.0553719 0.281405 
3 0.900281 0.910124 0.268595 0.0227273 0.27438 
3 0.900947 0.953926 0.610744 0.0491736 0.299174 
3 0.906225 0.112603 0.322107 0.0260331 0.146694 
3 0.910091 0.71405 0.135537 0.0289256 0.255372 
3 0.911455 0.395661 0.30062 0.0342975 0.205372 
3 0.911762 0.678512 0.609298 0.0677686 0.302066 
3 0.911904 0.313843 0.320455 0.0326446 0.183884 
3 0.91492 0.725413 0.322107 0.0285124 0.170661 
3 0.917064 0.620248 0.291942 0.0338843 0.214463 
3 0.917574 0.930992 0.33843 0.0173554 0.133884 
3 0.918596 0.596901 0.26281 0.0409091 0.294215 
3 0.924975 0.883884 0.311983 0.0239669 0.180992 
3 0.929752 0.502893 0.334711 0.0289256 0.147107 
3 0.932132 0.265289 0.292562 0.0330578 0.22314 
3 0.932371 0.285124 0.33657 0.022314 0.142562 
3 0.935626 0.652479 0.271488 0.031405 0.22314 
3 0.94459 0.368182 0.311983 0.0338843 0.184298 
3 0.945312 0.571074 0.261983 0.0413223 0.26281 
3 0.946094 0.421694 0.302066 0.0384298 0.209917 
3 0.958523 0.340289 0.319008 0.0359504 0.170248 
