2 0.588753 0.834711 0.684711 0.0264463 0.143802 
2 0.80301 0.409504 0.69938 0.031405 0.127686 
2 0.80834 0.665702 0.663843 0.0371901 0.180579 
2 0.823934 0.554752 0.684298 0.0309917 0.155372 
2 0.853924 0.369835 0.692355 0.0355372 0.13595 
2 0.866906 0.477273 0.680785 0.0355372 0.166529 
2 0.887606 0.331818 0.684917 0.0322314 0.15 
2 0.894794 0.905578 0.67624 0.0433884 0.158264 
2 0.896905 0.957025 0.691116 0.0322314 0.145041 
2 0.898373 0.258058 0.679752 0.0276859 0.121488 
2 0.906403 0.517562 0.680992 0.0276859 0.167769 
2 0.912731 0.591116 0.683884 0.0334711 0.160331 
2 0.912854 0.866322 0.659298 0.0450413 0.185537 
2 0.915857 0.626653 0.677273 0.0466942 0.176859 
2 0.924534 0.295248 0.67376 0.0268595 0.13595 
2 0.941927 0.741736 0.67376 0.0454545 0.178099 
2 0.943765 0.781818 0.67314 0.0446281 0.169421 
2 0.948218 0.70062 0.658058 0.0491736 0.20124 
